[header.jpg]
filters=unsharp2=1,2.210526;finetune2=1,0.000000,0.036491,0.000000,007c807c,0.029240;radsat=1,0.500000,0.500000,1.000000,0.105263;finetune2=1,0.000000,0.000000,0.000000,00808080,0.000000;
moddate=01c303f07f6cd301
width=1900
height=1226
textactive=0
